/*********************************************
 * OPL 12.7.1.0 Data
 * Author: Alumno
 *********************************************/
/*PRODUCTOS:
1: Nescafe Dolca
2: Nescafe Clasico
3: Nescafe Gold Blend
... 
*/

PRODUCTOS = {1, 2, 3, 4, 5, 6, 7, 8, 9, 10, 11, 12, 13, 14, 15, 16, 17, 18, 19, 20, 21, 22, 23, 24, 25, 26, 27, 28, 29, 30, 31, 32, 33, 34, 35, 36, 37, 38, 39, 40, 41, 42, 43, 44, 45, 46, 47, 48, 49, 50, 51, 52, 53, 54, 55, 56, 57, 58, 59, 60, 61, 62, 63, 64, 65, 66, 67, 68, 69, 70, 71, 72, 73, 74, 75, 76, 77, 78, 79, 80, 81, 82, 83, 84, 85, 86, 87, 88, 89, 90, 91, 92, 93, 94, 95, 96, 97, 98, 99, 100, 101, 102, 103, 104, 105, 106, 107, 108, 109, 110, 111, 112, 113, 114, 115, 116, 117, 118, 119, 120, 121, 122, 123, 124, 125, 126, 127, 128, 129, 130, 131, 132, 133, 134, 135, 136, 137, 138, 139, 140, 141, 142, 143, 144, 145, 146, 147, 148, 149, 150, 151, 152, 153, 154, 155, 156, 157, 158, 159, 160, 161, 162, 163, 164, 165, 166, 167, 168, 169, 170, 171, 172, 173, 174, 175, 176, 177, 178, 179, 180, 181, 182, 183, 184, 185, 186, 187, 188, 189, 190, 191, 192, 193, 194, 195, 196, 197, 198, 199, 200, 201, 202, 203, 204, 205, 206, 207, 208, 209, 210, 211, 212, 213, 214, 215, 216, 217, 218, 219, 220, 221, 222, 223, 224, 225, 226, 227, 228, 229, 230, 231, 232, 233, 234, 235, 236, 237, 238, 239, 240, 241, 242, 243, 244, 245, 246, 247, 248, 249, 250, 251, 252, 253, 254, 255, 256, 257, 258, 259, 260, 261, 262, 263, 264, 265, 266, 267, 268, 269, 270, 271, 272, 273, 274, 275, 276, 277, 278, 279, 280, 281, 282, 283, 284, 285, 286, 287, 288, 289, 290, 291, 292, 293, 294, 295, 296, 297, 298, 299, 300, 301, 302, 303, 304, 305, 306, 307, 308, 309, 310, 311, 312, 313, 314, 315, 316, 317, 318, 319, 320, 321, 322, 323, 324, 325, 326, 327, 328, 329, 330, 331, 332, 333, 334, 335, 336, 337, 338, 339, 340, 341, 342, 343, 344, 345, 346, 347, 348, 349, 350, 351, 352, 353, 354, 355, 356, 357, 358, 359, 360, 361, 362, 363, 364, 365, 366, 367, 368, 369, 370, 371, 372, 373, 374, 375, 376, 377, 378, 379, 380, 381, 382, 383, 384, 385, 386, 387, 388, 389, 390, 391, 392, 393, 394, 395, 396, 397, 398, 399, 400, 401, 402, 403, 404, 405, 406, 407, 408, 409, 410, 411, 412, 413, 414, 415, 416, 417, 418, 419, 420, 421, 422, 423, 424, 425, 426, 427, 428, 429, 430, 431, 432, 433, 434, 435, 436, 437, 438, 439, 440, 441, 442, 443, 444, 445, 446, 447, 448, 449, 450, 451, 452, 453, 454, 455, 456, 457, 458, 459, 460, 461, 462, 463, 464, 465, 466, 467, 468, 469, 470, 471, 472, 473, 474, 475, 476, 477, 478, 479, 480, 481, 482, 483, 484, 485, 486, 487, 488, 489, 490, 491, 492, 493, 494, 495, 496, 497, 498, 499, 500, 501, 502, 503, 504, 505, 506, 507, 508, 509, 510, 511, 512, 513, 514, 515, 516, 517, 518, 519, 520, 521, 522, 523, 524, 525, 526, 527, 528, 529, 530, 531, 532, 533, 534, 535, 536, 537, 538, 539, 540, 541, 542, 543, 544, 545, 546, 547, 548, 549, 550, 551, 552, 553, 554, 555, 556, 557, 558, 559, 560, 561, 562, 563, 564, 565, 566, 567, 568, 569, 570, 571, 572, 573, 574, 575, 576, 577, 578, 579, 580, 581, 582, 583, 584, 585, 586, 587, 588, 589, 590, 591, 592, 593, 594, 595, 596, 597, 598, 599, 600, 601, 602, 603, 604, 605, 606, 607, 608, 609, 610, 611, 612, 613, 614, 615, 616, 617, 618, 619, 620, 621, 622, 623, 624, 625, 626, 627, 628, 629, 630, 631, 632, 633, 634, 635, 636, 637, 638, 639, 640, 641, 642, 643, 644, 645, 646, 647, 648, 649, 650, 651, 652, 653, 654, 655, 656, 657, 658, 659, 660, 661, 662, 663, 664, 665, 666, 667, 668, 669, 670, 671, 672, 673, 674, 675, 676, 677, 678, 679, 680, 681, 682, 683, 684, 685, 686, 687, 688, 689, 690, 691, 692, 693, 694, 695, 696, 697, 698, 699, 700, 701, 702, 703, 704, 705, 706, 707, 708, 709, 710, 711, 712, 713, 714, 715, 716, 717, 718, 719, 720, 721, 722, 723, 724, 725, 726, 727, 728, 729, 730, 731, 732, 733, 734, 735, 736, 737, 738, 739, 740, 741, 742, 743, 744, 745, 746, 747, 748, 749, 750, 751, 752, 753, 754, 755, 756, 757, 758, 759, 760, 761, 762, 763, 764, 765, 766, 767, 768, 769, 770, 771, 772, 773, 774, 775, 776, 777, 778, 779, 780, 781, 782, 783, 784, 785, 786, 787, 788, 789, 790, 791, 792, 793, 794, 795, 796, 797, 798, 799, 800, 801, 802, 803, 804, 805, 806, 807, 808, 809, 810, 811, 812, 813, 814, 815, 816, 817, 818, 819, 820, 821, 822, 823, 824, 825, 826, 827, 828, 829, 830, 831, 832, 833, 834, 835, 836, 837, 838, 839, 840, 841, 842, 843, 844, 845, 846, 847, 848, 849, 850, 851, 852, 853, 854, 855, 856, 857, 858, 859, 860, 861, 862, 863, 864, 865, 866, 867, 868, 869, 870, 871, 872, 873, 874, 875, 876, 877, 878, 879, 880, 881, 882, 883, 884, 885, 886, 887, 888, 889, 890, 891, 892, 893, 894, 895, 896, 897, 898, 899, 900, 901, 902, 903, 904, 905, 906, 907, 908, 909, 910, 911, 912, 913, 914, 915, 916, 917, 918, 919, 920, 921, 922, 923, 924, 925, 926, 927, 928, 929, 930, 931, 932, 933, 934, 935, 936, 937, 938, 939, 940, 941, 942, 943, 944, 945, 946, 947, 948, 949, 950, 951, 952, 953, 954, 955, 956, 957, 958, 959, 960, 961, 962, 963, 964, 965, 966, 967, 968, 969, 970, 971, 972, 973, 974, 975, 976, 977, 978, 979, 980, 981, 982, 983, 984, 985, 986, 987, 988, 989, 990, 991, 992, 993, 994, 995, 996, 997, 998, 999, 1000};
DISPONIBILIDAD = [ 1, 0, 0, 0, 1, 0, 1, 1, 0, 0, 0, 1, 0, 0, 1, 1, 0, 0, 0, 1, 1, 0, 1, 1, 0, 1, 0, 0, 1, 0, 0, 0, 0, 0, 0, 1, 1, 0, 0, 0, 0, 1, 0, 1, 0, 1, 1, 1, 0, 0, 1, 0, 0, 0, 1, 1, 0, 1, 0, 1, 1, 1, 1, 1, 1, 0, 1, 1, 1, 1, 1, 1, 1, 1, 0, 0, 1, 1, 0, 1, 1, 1, 1, 1, 0, 1, 1, 1, 1, 1, 1, 1, 1, 1, 1, 0, 0, 1, 1, 1, 0, 1, 0, 1, 0, 1, 0, 1, 0, 1, 1, 1, 1, 1, 1, 1, 1, 1, 1, 1, 0, 0, 1, 0, 1, 1, 1, 1, 1, 1, 1, 0, 1, 1, 1, 1, 1, 1, 0, 1, 1, 1, 1, 1, 0, 0, 1, 0, 1, 1, 1, 0, 0, 0, 1, 0, 1, 1, 1, 0, 1, 1, 1, 1, 1, 0, 0, 1, 1, 0, 1, 1, 1, 0, 1, 1, 0, 1, 0, 0, 1, 0, 0, 1, 1, 1, 1, 0, 1, 1, 0, 0, 1, 1, 1, 0, 1, 0, 0, 1, 1, 0, 1, 1, 1, 1, 1, 1, 0, 1, 1, 0, 0, 1, 1, 0, 1, 0, 1, 1, 1, 1, 0, 0, 1, 0, 1, 1, 1, 1, 1, 0, 0, 1, 1, 0, 0, 0, 1, 1, 1, 0, 0, 0, 0, 1, 0, 1, 0, 1, 0, 1, 0, 1, 1, 0, 1, 1, 1, 1, 1, 1, 1, 1, 0, 1, 1, 0, 1, 1, 1, 0, 0, 1, 0, 1, 1, 1, 1, 1, 0, 1, 1, 1, 0, 0, 1, 1, 0, 1, 1, 0, 1, 0, 1, 0, 0, 1, 0, 0, 1, 1, 1, 0, 0, 1, 0, 1, 1, 1, 1, 1, 0, 1, 1, 1, 1, 1, 1, 1, 0, 0, 1, 1, 1, 1, 1, 0, 1, 1, 1, 0, 1, 1, 1, 0, 1, 0, 1, 0, 0, 1, 1, 0, 1, 0, 0, 1, 1, 1, 0, 1, 0, 1, 1, 0, 1, 1, 1, 1, 1, 1, 1, 1, 0, 1, 1, 0, 1, 1, 1, 1, 0, 1, 1, 0, 0, 1, 1, 1, 0, 1, 1, 0, 1, 1, 1, 1, 1, 0, 1, 0, 1, 1, 1, 1, 1, 1, 1, 1, 1, 1, 0, 1, 1, 0, 0, 0, 1, 1, 0, 0, 1, 0, 0, 0, 1, 1, 0, 1, 1, 0, 0, 0, 0, 0, 1, 1, 1, 1, 1, 1, 0, 0, 1, 0, 1, 0, 0, 1, 1, 1, 1, 1, 0, 0, 1, 0, 1, 1, 1, 1, 1, 1, 1, 1, 0, 1, 1, 1, 0, 0, 1, 0, 1, 1, 1, 1, 1, 1, 0, 0, 1, 1, 1, 0, 0, 0, 1, 1, 1, 0, 1, 1, 0, 1, 1, 0, 0, 0, 1, 1, 1, 1, 1, 1, 1, 1, 1, 1, 1, 0, 1, 1, 0, 1, 1, 1, 0, 0, 1, 1, 0, 0, 0, 1, 0, 0, 1, 0, 0, 1, 1, 0, 0, 0, 1, 1, 1, 0, 1, 0, 1, 1, 1, 0, 0, 1, 0, 1, 1, 1, 1, 0, 1, 1, 0, 1, 1, 0, 0, 1, 1, 1, 0, 1, 1, 1, 1, 1, 1, 1, 1, 1, 0, 1, 1, 1, 1, 1, 1, 1, 0, 1, 0, 1, 0, 0, 1, 1, 0, 0, 1, 1, 0, 1, 1, 1, 0, 0, 1, 1, 0, 1, 0, 0, 1, 0, 1, 0, 1, 1, 0, 1, 1, 0, 1, 1, 1, 1, 1, 1, 0, 0, 1, 1, 0, 1, 1, 0, 1, 1, 1, 1, 1, 1, 1, 1, 1, 0, 1, 1, 1, 0, 0, 0, 1, 0, 1, 1, 0, 0, 1, 1, 1, 1, 0, 1, 1, 1, 1, 1, 1, 0, 1, 1, 1, 1, 0, 1, 1, 1, 1, 0, 0, 1, 1, 1, 0, 1, 1, 1, 0, 1, 1, 1, 1, 0, 1, 1, 1, 1, 1, 1, 0, 0, 1, 1, 1, 1, 0, 1, 1, 1, 0, 0, 1, 1, 1, 0, 1, 1, 1, 0, 0, 1, 1, 1, 1, 1, 1, 1, 1, 0, 0, 0, 0, 1, 1, 1, 0, 1, 1, 0, 1, 0, 1, 0, 0, 0, 1, 1, 1, 1, 0, 1, 0, 1, 0, 1, 1, 1, 0, 0, 1, 1, 1, 1, 1, 1, 1, 1, 0, 1, 0, 0, 0, 0, 1, 1, 1, 1, 1, 0, 1, 1, 0, 0, 1, 1, 0, 0, 1, 1, 1, 0, 1, 1, 1, 1, 1, 1, 0, 0, 1, 1, 1, 0, 0, 0, 0, 1, 0, 0, 1, 0, 1, 1, 1, 0, 0, 0, 1, 1, 1, 0, 0, 1, 0, 1, 1, 0, 1, 0, 1, 1, 0, 0, 1, 0, 0, 1, 1, 1, 0, 1, 0, 1, 1, 1, 1, 1, 1, 1, 1, 0, 1, 1, 1, 0, 0, 1, 1, 1, 1, 1, 1, 1, 1, 1, 0, 1, 0, 1, 0, 0, 1, 0, 0, 1, 0, 1, 0, 1, 1, 1, 1, 1, 1, 1, 1, 1, 1, 0, 0, 1, 1, 1, 0, 1, 0, 1, 1, 1, 0, 0, 1, 1, 0, 1, 1, 0, 0, 0, 0, 0, 0, 0, 0, 1, 1, 1, 1, 1, 0, 1, 0, 1, 1, 1, 1, 0, 1, 1, 1, 1, 1, 1, 1, 0, 1, 0, 0, 1, 1, 1, 1, 0, 1, 1, 1, 1, 1, 0, 1, 1, 1, 0, 0, 1, 1, 0, 0, 1, 1, 0, 1, 1, 1, 0, 1, 1, 0, 0, 1, 1, 0, 1, 1, 1, 1, 0, 0, 0, 1, 1, 0, 1, 1, 1, 0, 1, 1, 0, 0, 1, 0, 0, 1, 1, 1, 1, 1, 1, 1, 0, 1, 1, 1, 1, 1, 0, 1, 1, 1, 0, 1, 1, 0, 1 ];
PRECIO_PROMO = [ 207, 76, 157, 122, 145, 116, 199, 78, 144, 128, 130, 180, 219, 195, 89, 165, 144, 72, 108, 110, 114, 150, 202, 206, 172, 212, 124, 107, 109, 185, 176, 146, 198, 219, 76, 95, 179, 216, 132, 109, 220, 198, 98, 203, 188, 222, 208, 201, 171, 120, 126, 224, 172, 200, 167, 117, 91, 185, 155, 223, 73, 180, 99, 144, 163, 144, 201, 193, 93, 74, 95, 201, 183, 143, 163, 216, 103, 131, 183, 107, 176, 170, 86, 137, 72, 111, 165, 198, 133, 147, 143, 116, 144, 77, 169, 185, 75, 166, 169, 93, 216, 162, 216, 88, 76, 94, 219, 162, 147, 180, 81, 165, 127, 195, 107, 133, 167, 194, 143, 158, 77, 222, 92, 126, 188, 117, 79, 210, 198, 85, 126, 167, 140, 207, 180, 149, 146, 109, 125, 137, 115, 144, 111, 202, 222, 112, 206, 146, 101, 127, 88, 110, 192, 136, 134, 186, 106, 223, 74, 81, 180, 126, 77, 128, 87, 207, 148, 72, 124, 142, 160, 216, 218, 171, 219, 113, 206, 120, 177, 174, 110, 128, 220, 216, 223, 96, 126, 175, 191, 102, 126, 161, 143, 154, 190, 95, 133, 85, 212, 205, 103, 92, 107, 194, 182, 181, 149, 103, 77, 75, 108, 76, 222, 165, 224, 124, 108, 130, 123, 88, 163, 198, 198, 106, 107, 101, 164, 192, 204, 99, 223, 205, 179, 153, 140, 202, 174, 81, 97, 119, 125, 107, 137, 141, 128, 147, 97, 208, 103, 154, 149, 156, 79, 223, 171, 220, 88, 177, 159, 189, 127, 144, 190, 194, 127, 197, 177, 103, 175, 74, 109, 80, 221, 135, 197, 149, 99, 81, 77, 180, 88, 215, 106, 117, 208, 199, 111, 148, 192, 210, 143, 173, 145, 105, 144, 88, 169, 189, 166, 134, 109, 163, 135, 109, 221, 209, 198, 180, 153, 115, 225, 183, 164, 91, 153, 182, 117, 206, 104, 182, 157, 75, 97, 141, 214, 160, 207, 129, 76, 176, 204, 79, 79, 86, 194, 174, 107, 213, 216, 219, 157, 200, 207, 166, 160, 131, 74, 174, 93, 158, 81, 160, 209, 199, 181, 90, 223, 153, 140, 192, 107, 148, 101, 129, 99, 117, 108, 109, 88, 196, 93, 165, 180, 116, 102, 134, 98, 222, 184, 217, 159, 146, 155, 202, 108, 185, 123, 224, 183, 214, 108, 175, 225, 170, 100, 96, 207, 162, 127, 142, 159, 92, 148, 93, 209, 124, 81, 133, 216, 168, 95, 80, 101, 150, 120, 150, 77, 135, 90, 158, 145, 138, 196, 191, 90, 196, 83, 144, 194, 189, 189, 162, 96, 155, 100, 116, 133, 225, 223, 135, 117, 199, 206, 118, 90, 133, 225, 183, 159, 116, 176, 216, 212, 140, 100, 85, 170, 184, 174, 162, 109, 102, 172, 139, 223, 95, 119, 120, 94, 162, 209, 208, 117, 217, 126, 142, 173, 80, 131, 172, 217, 191, 162, 137, 72, 156, 164, 94, 115, 193, 154, 153, 102, 185, 218, 126, 152, 107, 153, 96, 114, 117, 161, 74, 205, 86, 215, 72, 124, 166, 216, 201, 208, 84, 138, 93, 141, 115, 200, 176, 169, 218, 166, 79, 183, 104, 110, 187, 104, 77, 111, 90, 132, 206, 188, 83, 106, 203, 81, 87, 190, 154, 86, 201, 141, 164, 162, 88, 126, 181, 181, 204, 223, 80, 94, 103, 147, 112, 189, 124, 121, 135, 127, 166, 225, 136, 224, 72, 145, 117, 208, 156, 74, 217, 166, 128, 165, 224, 194, 192, 131, 128, 144, 215, 158, 135, 167, 146, 116, 180, 202, 141, 206, 112, 189, 88, 115, 113, 224, 121, 174, 162, 145, 151, 144, 98, 209, 188, 208, 222, 94, 159, 182, 221, 171, 148, 82, 126, 97, 155, 175, 224, 93, 83, 128, 73, 181, 209, 126, 143, 166, 207, 196, 175, 112, 187, 73, 109, 87, 171, 203, 176, 85, 80, 94, 87, 198, 72, 121, 191, 138, 72, 188, 85, 176, 146, 201, 160, 80, 176, 215, 216, 189, 108, 103, 133, 135, 184, 145, 139, 194, 188, 128, 215, 201, 180, 210, 161, 87, 150, 82, 194, 117, 163, 184, 164, 126, 138, 142, 120, 76, 127, 198, 187, 162, 161, 120, 168, 158, 144, 209, 219, 211, 189, 174, 74, 115, 76, 210, 87, 186, 72, 87, 114, 87, 96, 137, 93, 148, 197, 132, 211, 72, 155, 77, 173, 209, 198, 118, 224, 99, 185, 209, 195, 102, 84, 93, 95, 152, 79, 219, 92, 209, 86, 162, 126, 216, 218, 206, 203, 193, 81, 169, 84, 144, 155, 105, 95, 195, 135, 223, 154, 225, 187, 205, 163, 105, 118, 198, 206, 199, 196, 208, 225, 190, 207, 133, 159, 188, 106, 148, 96, 128, 176, 99, 87, 218, 192, 142, 133, 103, 89, 75, 217, 215, 117, 178, 210, 125, 142, 112, 214, 147, 184, 96, 161, 207, 96, 157, 187, 182, 131, 77, 93, 90, 136, 81, 75, 141, 189, 117, 90, 161, 128, 110, 145, 85, 91, 191, 165, 74, 107, 104, 217, 88, 78, 224, 83, 223, 169, 140, 221, 112, 168, 220, 198, 168, 221, 81, 180, 155, 121, 117, 144, 72, 137, 207, 149, 148, 211, 189, 81, 131, 153, 159, 124, 145, 144, 199, 144, 111, 98, 111, 153, 224, 108, 79, 125, 180, 98, 141, 77, 81, 76, 79, 176, 72, 168, 108, 101, 209, 190, 213, 103, 221, 153, 124, 210, 176, 136, 104, 199, 131, 79, 174, 187, 223, 174, 103, 101, 141, 203, 143, 168, 202, 100, 129, 197, 88, 127, 184, 123, 167, 138, 159, 118, 76, 196, 181, 158, 199, 148, 183, 118, 142, 201, 192, 187, 176, 167, 197, 149, 90, 203, 72, 117, 125, 158, 159, 192, 135, 177, 178, 108, 72, 102, 94, 225, 210, 193, 161, 99, 130, 124, 217, 185, 128, 116, 88, 167, 181, 214, 102, 99, 161, 102, 150, 180, 92, 134, 135, 217, 81, 211, 151, 147, 157, 91, 218, 152, 96, 90, 216, 161, 99, 167, 175, 190, 106, 211 ];
PRECIO_REGULAR = [ 231, 85, 175, 136, 162, 129, 222, 87, 161, 143, 145, 200, 244, 217, 99, 184, 160, 80, 120, 123, 127, 167, 225, 229, 192, 236, 138, 119, 122, 206, 196, 163, 221, 244, 85, 106, 199, 241, 147, 122, 245, 220, 109, 226, 209, 247, 232, 224, 191, 134, 141, 249, 192, 223, 186, 130, 102, 206, 173, 248, 82, 201, 111, 161, 182, 161, 224, 215, 104, 83, 106, 224, 204, 159, 182, 240, 115, 146, 204, 119, 196, 189, 96, 153, 81, 124, 184, 221, 148, 164, 159, 129, 160, 86, 188, 206, 84, 185, 188, 104, 240, 180, 240, 98, 85, 105, 244, 181, 164, 201, 90, 184, 142, 217, 119, 148, 186, 216, 159, 176, 86, 247, 103, 140, 209, 131, 88, 234, 221, 95, 141, 186, 156, 231, 200, 166, 163, 122, 139, 153, 128, 161, 124, 225, 247, 125, 229, 163, 113, 142, 98, 123, 214, 152, 149, 207, 118, 248, 83, 90, 200, 140, 86, 143, 97, 231, 165, 80, 138, 158, 178, 241, 243, 191, 244, 126, 229, 134, 197, 194, 123, 143, 245, 240, 248, 107, 141, 195, 213, 114, 141, 179, 159, 172, 212, 106, 148, 95, 236, 228, 115, 103, 119, 216, 203, 202, 166, 115, 86, 84, 121, 85, 247, 184, 249, 138, 120, 145, 137, 98, 182, 221, 220, 118, 119, 113, 183, 214, 227, 110, 248, 228, 199, 170, 156, 225, 194, 91, 108, 133, 139, 119, 153, 157, 143, 164, 108, 232, 115, 172, 166, 174, 88, 248, 191, 245, 98, 197, 177, 210, 142, 160, 212, 216, 142, 219, 197, 115, 195, 83, 122, 89, 246, 151, 219, 166, 110, 91, 86, 200, 98, 239, 118, 130, 232, 222, 124, 165, 214, 234, 159, 193, 162, 117, 160, 98, 188, 211, 185, 149, 122, 182, 150, 122, 246, 233, 220, 200, 170, 128, 250, 204, 183, 102, 170, 203, 131, 229, 116, 203, 175, 84, 108, 157, 238, 178, 231, 144, 85, 196, 227, 88, 88, 96, 216, 194, 119, 237, 241, 244, 175, 223, 230, 185, 178, 146, 83, 194, 104, 176, 91, 178, 233, 222, 202, 101, 248, 170, 156, 214, 119, 165, 113, 144, 111, 131, 121, 122, 98, 218, 104, 184, 200, 129, 114, 149, 109, 247, 205, 242, 177, 163, 173, 225, 121, 206, 137, 249, 204, 238, 121, 195, 250, 189, 112, 107, 231, 180, 142, 158, 177, 103, 165, 104, 233, 138, 90, 148, 241, 187, 106, 89, 113, 167, 134, 167, 86, 150, 101, 176, 162, 154, 218, 213, 101, 218, 93, 161, 216, 210, 210, 180, 107, 173, 112, 129, 148, 250, 248, 150, 131, 222, 229, 132, 101, 148, 250, 204, 177, 129, 196, 241, 236, 156, 112, 95, 189, 205, 194, 180, 122, 114, 192, 155, 248, 106, 133, 134, 105, 180, 233, 232, 130, 242, 140, 158, 193, 89, 146, 192, 242, 213, 180, 153, 81, 174, 183, 105, 128, 215, 172, 170, 114, 206, 243, 141, 169, 119, 171, 107, 127, 131, 179, 83, 228, 96, 239, 81, 138, 185, 241, 224, 232, 94, 154, 104, 157, 128, 223, 196, 188, 243, 185, 88, 204, 116, 123, 208, 116, 86, 124, 101, 147, 229, 209, 93, 118, 226, 91, 97, 212, 172, 96, 224, 157, 183, 181, 98, 141, 202, 202, 227, 248, 89, 105, 115, 164, 125, 210, 138, 135, 150, 142, 185, 250, 152, 249, 80, 162, 130, 232, 174, 83, 242, 185, 143, 184, 249, 216, 214, 146, 143, 161, 239, 176, 151, 186, 163, 129, 201, 225, 157, 229, 125, 211, 98, 128, 126, 249, 135, 194, 181, 162, 168, 160, 109, 233, 209, 232, 247, 105, 177, 203, 246, 190, 165, 92, 141, 108, 173, 195, 249, 104, 93, 143, 82, 202, 233, 141, 159, 185, 231, 218, 195, 125, 208, 82, 122, 97, 191, 226, 196, 95, 89, 105, 97, 220, 81, 135, 213, 154, 80, 209, 95, 196, 163, 224, 178, 89, 196, 239, 240, 211, 120, 115, 148, 150, 205, 162, 155, 216, 209, 143, 239, 224, 200, 234, 179, 97, 167, 92, 216, 131, 182, 205, 183, 141, 154, 158, 134, 85, 142, 221, 208, 180, 179, 134, 187, 176, 160, 233, 244, 235, 211, 194, 83, 128, 85, 234, 97, 207, 81, 97, 127, 97, 107, 153, 104, 165, 219, 147, 235, 80, 173, 86, 193, 233, 220, 132, 249, 111, 206, 233, 217, 114, 94, 104, 106, 169, 88, 244, 103, 233, 96, 180, 141, 241, 243, 229, 226, 215, 91, 188, 94, 160, 173, 117, 106, 217, 150, 248, 172, 250, 208, 228, 182, 117, 132, 220, 229, 222, 218, 232, 250, 212, 231, 148, 177, 209, 118, 165, 107, 143, 196, 111, 97, 243, 214, 158, 148, 115, 99, 84, 242, 239, 130, 198, 234, 139, 158, 125, 238, 164, 205, 107, 179, 231, 107, 175, 208, 203, 146, 86, 104, 100, 152, 90, 84, 157, 211, 131, 101, 179, 143, 123, 162, 95, 102, 213, 184, 83, 119, 116, 242, 98, 87, 249, 93, 248, 188, 156, 246, 125, 187, 245, 220, 187, 246, 90, 200, 173, 135, 131, 161, 80, 153, 231, 166, 165, 235, 210, 90, 146, 171, 177, 138, 162, 160, 222, 160, 124, 109, 124, 171, 249, 120, 88, 139, 201, 109, 157, 86, 90, 85, 88, 196, 81, 187, 120, 113, 233, 212, 237, 115, 246, 170, 138, 234, 196, 152, 116, 222, 146, 88, 194, 208, 248, 194, 115, 113, 157, 226, 159, 187, 225, 112, 144, 219, 98, 142, 205, 137, 186, 154, 177, 132, 85, 218, 202, 176, 222, 165, 204, 132, 158, 224, 214, 208, 196, 186, 219, 166, 101, 226, 81, 130, 139, 176, 177, 214, 150, 197, 198, 120, 80, 114, 105, 250, 234, 215, 179, 110, 145, 138, 242, 206, 143, 129, 98, 186, 202, 238, 114, 110, 179, 114, 167, 200, 103, 149, 151, 242, 90, 235, 168, 164, 175, 102, 243, 169, 107, 101, 241, 179, 110, 186, 195, 212, 118, 235 ];
PREFERENCIAS_PROMO = [ 87, 70, 15, 205, 225, 364, 136, 478, 270, 175, 373, 452, 1436, 282, 361, 127, 303, 155, 356, 253, 337, 283, 602, 252, 123, 487, 19, 480, 315, 305, 7, 292, 98, 390, 410, 1, 141, 22, 286, 71, 128, 192, 189, 119, 1125, 194, 47, 346, 14, 92, 291, 150, 80, 338, 228, 18, 324, 109, 129, 145, 117, 34, 208, 372, 230, 251, 1040, 138, 289, 154, 120, 433, 465, 485, 190, 268, 266, 458, 241, 379, 85, 409, 343, 176, 1093, 166, 236, 258, 17, 374, 112, 290, 122, 348, 105, 1508, 396, 482, 114, 334, 609, 42, 214, 111, 1184, 474, 446, 1070, 170, 90, 256, 491, 375, 362, 376, 392, 74, 1339, 52, 188, 186, 50, 142, 116, 212, 198, 75, 207, 31, 1337, 371, 728, 398, 232, 1569, 412, 462, 161, 132, 51, 418, 385, 1185, 682, 378, 326, 164, 86, 453, 455, 94, 584, 552, 72, 106, 1628, 352, 382, 248, 285, 484, 747, 448, 367, 162, 1126, 26, 275, 37, 1046, 1583, 302, 416, 39, 415, 240, 386, 923, 442, 345, 432, 712, 600, 316, 269, 1033, 229, 100, 43, 497, 368, 131, 59, 159, 408, 227, 149, 414, 267, 475, 1545, 331, 358, 158, 950, 526, 419, 494, 182, 78, 244, 428, 1079, 54, 517, 490, 831, 306, 1089, 66, 381, 55, 140, 318, 96, 496, 332, 464, 30, 13, 420, 223, 124, 1385, 180, 329, 110, 137, 184, 576, 107, 265, 403, 82, 411, 254, 811, 1133, 454, 113, 585, 1239, 399, 280, 65, 10, 488, 629, 986, 1486, 264, 317, 449, 417, 257, 1593, 466, 174, 177, 1283, 1744, 21, 363, 152, 499, 130, 221, 9, 1673, 41, 461, 434, 457, 423, 638, 322, 168, 1104, 425, 133, 147, 869, 160, 167, 1501, 1556, 38, 32, 1768, 910, 486, 320, 644, 1485, 717, 134, 357, 249, 20, 211, 778, 224, 73, 884, 469, 187, 743, 611, 902, 1269, 573, 238, 1412, 353, 790, 327, 413, 422, 797, 627, 1321, 63, 23, 1122, 171, 426, 300, 88, 84, 81, 200, 157, 1472, 808, 1712, 1019, 271, 246, 1428, 459, 1274, 1717, 1127, 247, 731, 330, 16, 599, 407, 673, 91, 604, 350, 1017, 767, 1155, 509, 800, 1390, 298, 95, 492, 1189, 807, 915, 284, 261, 664, 3, 435, 677, 76, 383, 450, 561, 594, 35, 406, 222, 297, 263, 370, 393, 710, 400, 191, 953, 1108, 93, 220, 655, 1100, 1643, 685, 108, 1141, 1713, 1137, 226, 209, 861, 148, 1192, 57, 183, 868, 441, 139, 1651, 336, 104, 360, 1822, 788, 340, 958, 344, 307, 670, 617, 215, 716, 736, 1032, 79, 217, 949, 274, 723, 1263, 245, 533, 144, 940, 366, 1913, 1088, 349, 498, 1186, 468, 1240, 674, 242, 60, 172, 1096, 206, 156, 536, 243, 1158, 686, 1187, 101, 1295, 165, 1279, 964, 1521, 813, 1707, 49, 1043, 1572, 725, 1160, 616, 766, 645, 900, 1523, 288, 735, 83, 1294, 738, 863, 848, 404, 920, 635, 721, 504, 519, 971, 734, 1197, 325, 473, 179, 272, 678, 570, 1307, 6, 279, 684, 660, 1948, 1204, 380, 173, 531, 528, 1022, 754, 118, 281, 196, 1057, 1233, 1154, 806, 1044, 1785, 1469, 451, 801, 1359, 216, 630, 739, 115, 1091, 541, 1382, 1394, 1553, 1164, 369, 700, 1107, 1031, 58, 394, 1257, 1173, 996, 234, 789, 424, 559, 860, 1541, 2, 1266, 1524, 278, 983, 210, 314, 45, 1580, 1016, 444, 921, 737, 641, 1739, 477, 606, 323, 548, 546, 62, 397, 1391, 77, 624, 745, 1015, 1344, 657, 33, 751, 557, 339, 36, 427, 592, 637, 260, 941, 443, 845, 250, 296, 1112, 67, 12, 121, 534, 944, 744, 351, 779, 1172, 896, 310, 1144, 1453, 816, 445, 1740, 864, 916, 842, 97, 1010, 805, 945, 430, 539, 388, 508, 1143, 436, 467, 53, 1399, 553, 1300, 1138, 759, 321, 1106, 308, 1393, 1135, 1331, 27, 1012, 1066, 828, 1188, 720, 984, 1555, 24, 793, 1859, 479, 1370, 733, 567, 276, 569, 239, 987, 572, 727, 1519, 287, 667, 925, 895, 1230, 679, 201, 972, 1574, 967, 69, 5, 294, 671, 431, 503, 1441, 537, 558, 151, 850, 768, 1087, 997, 470, 255, 476, 823, 782, 237, 903, 11, 1003, 438, 495, 437, 44, 880, 749, 1351, 774, 1836, 1290, 259, 642, 102, 1001, 25, 8, 233, 554, 1159, 46, 689, 1080, 1503, 1433, 746, 341, 650, 839, 460, 687, 1049, 389, 691, 1216, 493, 1056, 1140, 697, 1231, 703, 354, 836, 899, 952, 1547, 1475, 295, 342, 858, 471, 193, 1528, 135, 892, 622, 870, 992, 1234, 786, 146, 974, 195, 538, 1005, 1152, 781, 560, 525, 507, 515, 481, 529, 28, 688, 942, 919, 543, 523, 181, 1476, 719, 185, 1463, 1530, 421, 1229, 304, 299, 775, 758, 1220, 773, 1850, 742, 936, 951, 579, 603, 219, 48, 709, 143, 1008, 163, 1161, 795, 815, 1449, 699, 897, 565, 301, 483, 99, 178, 1326, 615, 1048, 1546, 61, 847, 1301, 814, 29, 1277, 1272, 1284, 1607, 1657, 328, 1157, 542, 551, 1275, 365, 867, 549, 502, 319, 501, 153, 1577, 377, 1273, 1219, 668, 935, 213, 1335, 564, 347, 563, 505, 633, 590, 1710, 1384, 1311, 873, 634, 632, 402, 1207, 643, 125, 514, 1041, 391, 583, 89, 401, 68, 696, 990, 395, 591, 56, 463, 544, 64, 586, 707, 520, 715, 1264, 877, 833, 803, 1105, 1526, 853, 1927, 882, 729, 750, 1111, 1076, 1116, 605, 204, 218, 555, 1440, 661, 1573, 1190, 516, 595, 439, 704, 654, 562, 1271, 169, 927, 199, 841, 550, 1118, 732, 1762, 776, 1538, 1634, 1398, 1218, 518, 1027, 914, 126, 1021, 429, 588, 566, 312, 866, 741, 1305, 817, 1055, 103, 1681, 262, 1065, 658, 535, 231, 1581, 926, 1507, 1115, 1002, 489, 1771, 235, 913, 666, 1099, 874, 581, 883, 597, 888, 932, 652, 1280, 197, 1090, 596, 578, 1013, 1183, 1317, 792, 820, 589, 472, 1566, 202, 675, 886, 333, 521, 784, 761, 4, 1653, 1020, 843, 40, 1018, 1148, 1417, 1345, 532, 1355, 837, 511, 293, 577, 665, 726, 830, 309 ];
PREFERENCIAS_REGULAR = [ 1585, 1560, 1888, 1924, 840, 724, 708, 1706, 1208, 959, 765, 1920, 1918, 1092, 1724, 809, 1867, 1637, 1462, 1248, 1769, 610, 1334, 1903, 1265, 1203, 1838, 1933, 571, 1658, 943, 1078, 1711, 1632, 965, 1715, 636, 1457, 1147, 993, 1935, 1659, 995, 1535, 1432, 1175, 929, 912, 1766, 613, 1937, 889, 794, 1704, 1038, 527, 1792, 825, 1795, 1052, 1227, 1606, 849, 802, 1379, 621, 1098, 911, 1324, 930, 1083, 1451, 669, 1213, 1989, 1898, 1779, 1306, 1994, 1835, 1875, 804, 1784, 878, 1194, 1178, 1588, 1316, 722, 946, 612, 1685, 698, 1852, 1415, 1623, 1802, 1340, 748, 659, 938, 1997, 1009, 1082, 1830, 1701, 1156, 1758, 1465, 822, 1236, 1883, 1655, 568, 1036, 1721, 530, 1505, 1776, 384, 1929, 762, 1533, 954, 1730, 693, 1790, 1971, 1401, 1532, 706, 1191, 1905, 832, 1849, 587, 1702, 887, 960, 1947, 1198, 1856, 1772, 905, 924, 1405, 1414, 1037, 1353, 1959, 1926, 1053, 1807, 1320, 440, 1923, 1638, 1245, 1261, 1362, 1470, 1831, 730, 1705, 1834, 1531, 1964, 1416, 1109, 1199, 1853, 1644, 859, 1900, 1727, 1976, 2000, 1714, 1042, 1426, 1512, 1034, 917, 894, 662, 1608, 1605, 769, 1621, 1968, 1338, 757, 1550, 1765, 1798, 1102, 1035, 955, 994, 1421, 1999, 1228, 1562, 854, 977, 1123, 676, 756, 1974, 1422, 1839, 1128, 1235, 1209, 631, 1387, 1616, 510, 1890, 1171, 512, 1119, 1786, 1626, 1495, 1806, 1814, 1759, 1217, 1516, 947, 1303, 1610, 1732, 1589, 821, 787, 1636, 1250, 1086, 547, 980, 1812, 752, 1540, 981, 1641, 1654, 540, 975, 1982, 1844, 1978, 1168, 608, 1728, 1640, 855, 1600, 1932, 1699, 1281, 1916, 506, 1620, 1698, 1824, 1595, 273, 1477, 1892, 876, 1602, 1871, 1660, 740, 614, 1509, 1889, 1787, 1153, 1312, 1139, 1386, 1103, 922, 1163, 1917, 906, 1584, 1060, 1539, 1461, 311, 1897, 1977, 812, 1006, 1884, 1708, 1224, 966, 683, 1677, 907, 1074, 909, 447, 387, 1625, 1120, 1525, 500, 1050, 785, 646, 1684, 1262, 1063, 1496, 844, 1308, 1676, 1418, 1579, 359, 1452, 1864, 1696, 1534, 1678, 1327, 522, 1322, 760, 1689, 620, 1647, 681, 1972, 1936, 834, 1478, 1582, 1733, 1697, 1731, 1430, 1746, 1292, 1750, 1808, 1940, 1004, 826, 1296, 1424, 755, 713, 1365, 961, 1827, 623, 1361, 948, 1455, 1597, 862, 1627, 639, 695, 1349, 1473, 1244, 1434, 1799, 1688, 1499, 1901, 962, 771, 1069, 1342, 1397, 1358, 1443, 1809, 1466, 692, 1819, 1374, 690, 1085, 763, 1502, 1406, 1304, 1150, 1223, 999, 1630, 1878, 1718, 928, 1446, 1567, 1801, 1863, 626, 1748, 1177, 1754, 1755, 203, 1445, 1130, 1777, 711, 1879, 405, 1770, 1319, 1896, 1369, 1942, 1899, 1243, 976, 1367, 1536, 705, 1363, 1420, 1343, 1663, 1174, 1945, 1649, 1757, 1949, 1837, 891, 1518, 1346, 753, 1954, 1570, 1783, 1944, 1674, 1494, 1738, 1255, 1268, 1760, 718, 1965, 701, 1912, 1354, 1791, 1563, 1289, 1411, 1629, 1958, 1493, 1815, 991, 1800, 1886, 1984, 1833, 1341, 1642, 1114, 1252, 979, 1598, 1957, 1377, 1679, 1967, 1941, 1169, 1318, 829, 1237, 1780, 1805, 1544, 1014, 1403, 1934, 647, 1427, 1919, 1631, 335, 1051, 819, 1931, 1661, 1246, 1604, 931, 1409, 1804, 1613, 1981, 1484, 1413, 1575, 1782, 1081, 1680, 1396, 824, 1648, 1328, 1511, 1987, 1504, 1823, 1719, 1811, 1955, 1071, 1816, 1841, 1276, 1840, 1855, 656, 1667, 1395, 1450, 1911, 1843, 1645, 1238, 1891, 1113, 1571, 574, 1181, 1741, 1821, 1282, 1357, 1000, 556, 1439, 1054, 1682, 1023, 1313, 1578, 1458, 1552, 1633, 970, 1419, 1857, 1373, 601, 1599, 1729, 937, 1847, 1241, 1094, 680, 1314, 1694, 1182, 1039, 1803, 702, 856, 1212, 1084, 1979, 1487, 1491, 1287, 1506, 1956, 1675, 1132, 1510, 1542, 1166, 1291, 1498, 1915, 1700, 1763, 1914, 649, 545, 513, 1479, 1211, 1232, 1592, 1683, 1906, 1375, 1709, 1587, 1970, 1431, 1025, 1961, 1662, 1124, 1162, 1946, 1747, 1781, 1825, 1200, 777, 582, 1690, 1943, 879, 1293, 1722, 1474, 1520, 1609, 1201, 810, 783, 1226, 780, 1873, 1214, 1513, 1497, 1167, 1826, 1670, 1489, 1447, 1170, 1969, 1285, 1131, 1962, 1249, 1551, 1635, 1559, 1444, 1299, 648, 1922, 1205, 857, 1860, 1315, 1828, 1810, 1652, 1975, 1537, 1818, 1360, 1952, 1796, 1059, 1594, 1258, 1842, 846, 1392, 1624, 663, 764, 973, 1270, 1612, 1693, 1991, 628, 1151, 1029, 1242, 791, 524, 1121, 1193, 1310, 1402, 1527, 1117, 1565, 1548, 1865, 1966, 957, 1881, 1435, 1298, 835, 838, 1904, 1893, 1735, 1767, 625, 1576, 1364, 1072, 1251, 1832, 1756, 1794, 1666, 1129, 893, 1848, 969, 1743, 653, 798, 1720, 1876, 1854, 1882, 1437, 1500, 1603, 1110, 985, 1134, 989, 1752, 1723, 1930, 1075, 908, 1423, 1448, 1953, 1077, 1615, 933, 904, 1323, 1366, 1751, 1136, 1165, 1894, 640, 1692, 1907, 1336, 1400, 881, 865, 1058, 1557, 593, 1695, 1062, 1797, 1429, 575, 1254, 1007, 1564, 1480, 1356, 1742, 1995, 598, 1302, 1030, 456, 1789, 1665, 1481, 1764, 1868, 1026, 1928, 1517, 1993, 1388, 934, 1347, 1196, 1325, 1206, 1352, 1488, 1464, 851, 1880, 1408, 1858, 963, 1973, 1874, 1378, 852, 1716, 968, 1215, 1614, 313, 1381, 1736, 988, 982, 1514, 1669, 1671, 1774, 1988, 1601, 1725, 618, 1259, 1490, 1951, 1456, 1877, 1047, 1734, 1256, 1460, 1992, 901, 1846, 1590, 714, 1872, 277, 1939, 1591, 1619, 918, 827, 1656, 1404, 1793, 1558, 1522, 898, 1064, 651, 1061, 1910, 1773, 1845, 872, 1492, 1869, 1253, 772, 1067, 1095, 1471, 1389, 1330, 1788, 1297, 796, 1011, 875, 1761, 1202, 1639, 1611, 1586, 1371, 1985, 1045, 1221, 1561, 885, 1963, 1851, 1195, 1329, 1813, 1909, 1986, 1425, 1483, 1515, 1176, 1691, 1260, 1866, 1467, 1468, 1146, 818, 1286, 1887, 939, 1885, 890, 1549, 1996, 1372, 607, 1870, 1820, 1960, 1145, 1650, 1990, 1618, 1350, 1862, 1829, 1309, 1664, 1068, 770, 1097, 580, 1348, 1024, 1902, 1568, 1376, 1101, 1442, 1938, 1687, 1646, 1407, 1921, 1983, 1775, 1895, 1672, 1737, 1180, 1247, 1998, 619, 1028, 871, 1686, 1454, 1142, 1596, 1908, 1288, 1438, 1622, 1482, 355, 1383, 1380, 672, 1668, 1554, 1980, 1179, 1410, 1332, 1817, 1753, 694, 1222, 1749, 956, 998, 1459, 1745, 978, 1861, 1225, 1778, 1149, 1950, 1368, 1726, 1703, 1278, 1543, 1210, 799, 1073, 1529, 1267, 1617, 1333, 1925 ];
