/*********************************************
 * OPL 12.7.1.0 Data
 * Author: Alumno
 *********************************************/
/*PRODUCTOS:
1: Nescafe Dolca
2: Nescafe Clasico
3: Nescafe Gold Blend
... 
*/

PRODUCTOS = {1, 2, 3, 4, 5, 6, 7, 8, 9, 10, 11, 12, 13, 14, 15, 16, 17, 18, 19, 20, 21, 22, 23, 24, 25, 26, 27, 28, 29, 30, 31, 32, 33, 34, 35, 36, 37, 38, 39, 40, 41, 42, 43, 44, 45, 46, 47, 48, 49, 50, 51, 52, 53, 54, 55, 56, 57, 58, 59, 60, 61, 62, 63, 64, 65, 66, 67, 68, 69, 70, 71, 72, 73, 74, 75, 76, 77, 78, 79, 80, 81, 82, 83, 84, 85, 86, 87, 88, 89, 90, 91, 92, 93, 94, 95, 96, 97, 98, 99, 100, 101, 102, 103, 104, 105, 106, 107, 108, 109, 110, 111, 112, 113, 114, 115, 116, 117, 118, 119, 120, 121, 122, 123, 124, 125, 126, 127, 128, 129, 130, 131, 132, 133, 134, 135, 136, 137, 138, 139, 140, 141, 142, 143, 144, 145, 146, 147, 148, 149, 150, 151, 152, 153, 154, 155, 156, 157, 158, 159, 160, 161, 162, 163, 164, 165, 166, 167, 168, 169, 170, 171, 172, 173, 174, 175, 176, 177, 178, 179, 180, 181, 182, 183, 184, 185, 186, 187, 188, 189, 190, 191, 192, 193, 194, 195, 196, 197, 198, 199, 200};
DISPONIBILIDAD = [ 0, 1, 0, 0, 0, 1, 1, 1, 1, 0, 0, 0, 1, 1, 0, 1, 0, 1, 0, 1, 1, 0, 1, 0, 0, 1, 1, 0, 1, 0, 0, 0, 1, 1, 1, 1, 1, 1, 1, 1, 0, 0, 1, 0, 1, 1, 0, 0, 1, 1, 0, 1, 0, 0, 0, 1, 0, 0, 1, 0, 0, 1, 0, 1, 0, 1, 0, 1, 0, 1, 0, 0, 1, 0, 0, 0, 1, 0, 0, 1, 0, 0, 0, 0, 0, 0, 0, 1, 0, 0, 1, 1, 1, 1, 1, 1, 0, 1, 0, 0, 0, 0, 1, 1, 1, 1, 1, 0, 0, 1, 0, 0, 0, 1, 1, 1, 1, 0, 1, 0, 0, 1, 0, 1, 0, 0, 0, 1, 0, 1, 1, 0, 1, 1, 0, 1, 1, 1, 1, 0, 0, 0, 1, 0, 1, 1, 1, 0, 1, 0, 0, 0, 1, 0, 1, 0, 0, 1, 0, 0, 1, 0, 0, 1, 1, 0, 1, 1, 0, 0, 0, 1, 1, 1, 1, 0, 0, 1, 0, 1, 0, 1, 0, 0, 1, 0, 1, 0, 0, 1, 1, 1, 1, 1, 1, 1, 0, 1, 0, 0 ];
PRECIO_PROMO = [ 181, 96, 163, 126, 81, 162, 148, 198, 150, 131, 201, 106, 133, 180, 157, 150, 96, 97, 97, 212, 144, 134, 92, 218, 82, 166, 216, 91, 94, 172, 198, 107, 99, 75, 90, 215, 109, 135, 155, 132, 81, 135, 211, 216, 162, 190, 147, 219, 81, 144, 79, 118, 75, 162, 73, 215, 111, 178, 92, 225, 199, 74, 110, 135, 96, 121, 162, 77, 178, 201, 152, 99, 81, 224, 119, 167, 157, 106, 177, 179, 208, 108, 121, 138, 141, 166, 221, 93, 197, 162, 112, 126, 211, 111, 130, 123, 122, 113, 119, 151, 218, 170, 117, 156, 80, 183, 80, 73, 111, 99, 148, 182, 155, 72, 140, 136, 169, 153, 151, 90, 127, 130, 105, 96, 111, 136, 86, 83, 106, 196, 108, 155, 157, 73, 116, 76, 152, 184, 96, 96, 179, 191, 99, 139, 115, 206, 99, 99, 106, 162, 191, 191, 123, 166, 82, 72, 200, 75, 80, 133, 147, 210, 105, 128, 210, 179, 77, 144, 90, 178, 122, 188, 200, 96, 73, 211, 213, 91, 97, 141, 194, 110, 178, 181, 157, 89, 82, 131, 167, 112, 105, 189, 148, 215, 216, 108, 141, 134, 124, 124 ];
PRECIO_REGULAR = [ 202, 107, 182, 140, 91, 180, 165, 220, 167, 146, 224, 118, 148, 200, 175, 167, 107, 108, 108, 236, 160, 149, 103, 243, 92, 185, 241, 102, 105, 192, 220, 119, 111, 84, 100, 239, 122, 151, 173, 147, 91, 151, 235, 240, 180, 212, 164, 244, 90, 161, 88, 132, 84, 181, 82, 239, 124, 198, 103, 250, 222, 83, 123, 150, 107, 135, 180, 86, 198, 224, 169, 111, 91, 249, 133, 186, 175, 118, 197, 199, 232, 121, 135, 154, 157, 185, 246, 104, 219, 181, 125, 141, 235, 124, 145, 137, 136, 126, 133, 168, 243, 189, 130, 174, 89, 204, 89, 82, 124, 111, 165, 203, 173, 80, 156, 152, 188, 171, 168, 101, 142, 145, 117, 107, 124, 152, 96, 93, 118, 218, 120, 173, 175, 82, 129, 85, 169, 205, 107, 107, 199, 213, 110, 155, 128, 229, 110, 111, 118, 180, 213, 213, 137, 185, 92, 80, 223, 84, 89, 148, 164, 234, 117, 143, 234, 199, 86, 161, 101, 198, 136, 209, 223, 107, 82, 235, 237, 102, 108, 157, 216, 123, 198, 202, 175, 99, 92, 146, 186, 125, 117, 211, 165, 239, 240, 120, 157, 149, 138, 138 ];
PREFERENCIAS_PROMO = [ 112, 40, 103, 121, 130, 30, 134, 258, 187, 79, 123, 207, 351, 24, 23, 72, 39, 171, 249, 245, 48, 184, 15, 119, 263, 59, 27, 142, 107, 215, 293, 51, 159, 129, 53, 211, 78, 280, 146, 299, 18, 87, 11, 196, 102, 189, 101, 113, 19, 31, 28, 190, 41, 256, 106, 205, 268, 89, 34, 143, 154, 333, 43, 16, 49, 104, 209, 237, 76, 73, 325, 108, 127, 26, 92, 111, 152, 128, 29, 33, 244, 135, 304, 8, 14, 140, 141, 242, 153, 63, 234, 37, 13, 69, 173, 4, 61, 297, 235, 62, 115, 240, 174, 105, 42, 380, 226, 32, 250, 232, 276, 315, 80, 193, 57, 95, 305, 181, 120, 202, 316, 306, 68, 2, 12, 148, 114, 204, 139, 96, 278, 253, 35, 169, 355, 164, 9, 44, 66, 203, 155, 208, 223, 6, 46, 200, 118, 210, 88, 239, 163, 307, 247, 3, 20, 98, 56, 197, 262, 267, 10, 17, 231, 136, 55, 82, 109, 182, 5, 255, 252, 97, 25, 167, 74, 199, 131, 58, 313, 269, 100, 183, 50, 7, 84, 214, 1, 94, 261, 60, 71, 116, 191, 86, 22, 144, 147, 177, 38, 54 ];
PREFERENCIAS_REGULAR = [ 292, 219, 185, 217, 165, 122, 324, 283, 228, 166, 125, 301, 361, 36, 372, 194, 373, 288, 340, 349, 195, 341, 83, 213, 342, 64, 300, 400, 275, 279, 317, 93, 322, 246, 312, 236, 227, 385, 370, 383, 230, 180, 47, 382, 168, 394, 158, 178, 90, 70, 367, 192, 65, 379, 365, 290, 376, 91, 206, 216, 310, 356, 273, 229, 176, 157, 353, 366, 160, 364, 398, 138, 314, 354, 320, 243, 175, 133, 389, 75, 291, 362, 346, 161, 302, 151, 145, 399, 295, 198, 251, 378, 327, 222, 345, 81, 67, 309, 266, 248, 212, 241, 265, 390, 45, 393, 277, 321, 347, 375, 287, 326, 386, 368, 110, 218, 323, 330, 281, 337, 319, 344, 186, 132, 137, 350, 369, 221, 149, 150, 294, 352, 77, 220, 388, 311, 260, 201, 271, 274, 397, 339, 331, 335, 52, 358, 225, 308, 384, 332, 254, 377, 374, 170, 328, 296, 188, 391, 303, 357, 99, 392, 338, 257, 318, 348, 156, 259, 117, 360, 387, 172, 85, 233, 395, 272, 371, 282, 343, 298, 224, 329, 126, 21, 270, 334, 381, 264, 336, 162, 396, 124, 289, 179, 363, 359, 285, 284, 238, 286 ];
