/*********************************************
 * OPL 12.7.1.0 Data
 * Author: Alumno
 *********************************************/
/*PRODUCTOS:
1: Nescafe Dolca
2: Nescafe Clasico
3: Nescafe Gold Blend
... 
*/

PRODUCTOS = {1, 2, 3, 4, 5, 6, 7, 8, 9, 10, 11, 12, 13, 14, 15, 16, 17, 18, 19, 20, 21, 22, 23, 24, 25, 26, 27, 28, 29, 30, 31, 32, 33, 34, 35, 36, 37, 38, 39, 40, 41, 42, 43, 44, 45, 46, 47, 48, 49, 50, 51, 52, 53, 54, 55, 56, 57, 58, 59, 60, 61, 62, 63, 64, 65, 66, 67, 68, 69, 70, 71, 72, 73, 74, 75, 76, 77, 78, 79, 80, 81, 82, 83, 84, 85, 86, 87, 88, 89, 90, 91, 92, 93, 94, 95, 96, 97, 98, 99, 100, 101, 102, 103, 104, 105, 106, 107, 108, 109, 110, 111, 112, 113, 114, 115, 116, 117, 118, 119, 120, 121, 122, 123, 124, 125, 126, 127, 128, 129, 130, 131, 132, 133, 134, 135, 136, 137, 138, 139, 140, 141, 142, 143, 144, 145, 146, 147, 148, 149, 150, 151, 152, 153, 154, 155, 156, 157, 158, 159, 160, 161, 162, 163, 164, 165, 166, 167, 168, 169, 170, 171, 172, 173, 174, 175, 176, 177, 178, 179, 180, 181, 182, 183, 184, 185, 186, 187, 188, 189, 190, 191, 192, 193, 194, 195, 196, 197, 198, 199, 200, 201, 202, 203, 204, 205, 206, 207, 208, 209, 210, 211, 212, 213, 214, 215, 216, 217, 218, 219, 220, 221, 222, 223, 224, 225, 226, 227, 228, 229, 230, 231, 232, 233, 234, 235, 236, 237, 238, 239, 240, 241, 242, 243, 244, 245, 246, 247, 248, 249, 250, 251, 252, 253, 254, 255, 256, 257, 258, 259, 260, 261, 262, 263, 264, 265, 266, 267, 268, 269, 270, 271, 272, 273, 274, 275, 276, 277, 278, 279, 280, 281, 282, 283, 284, 285, 286, 287, 288, 289, 290, 291, 292, 293, 294, 295, 296, 297, 298, 299, 300, 301, 302, 303, 304, 305, 306, 307, 308, 309, 310, 311, 312, 313, 314, 315, 316, 317, 318, 319, 320, 321, 322, 323, 324, 325, 326, 327, 328, 329, 330, 331, 332, 333, 334, 335, 336, 337, 338, 339, 340, 341, 342, 343, 344, 345, 346, 347, 348, 349, 350, 351, 352, 353, 354, 355, 356, 357, 358, 359, 360, 361, 362, 363, 364, 365, 366, 367, 368, 369, 370, 371, 372, 373, 374, 375, 376, 377, 378, 379, 380, 381, 382, 383, 384, 385, 386, 387, 388, 389, 390, 391, 392, 393, 394, 395, 396, 397, 398, 399, 400, 401, 402, 403, 404, 405, 406, 407, 408, 409, 410, 411, 412, 413, 414, 415, 416, 417, 418, 419, 420, 421, 422, 423, 424, 425, 426, 427, 428, 429, 430, 431, 432, 433, 434, 435, 436, 437, 438, 439, 440, 441, 442, 443, 444, 445, 446, 447, 448, 449, 450, 451, 452, 453, 454, 455, 456, 457, 458, 459, 460, 461, 462, 463, 464, 465, 466, 467, 468, 469, 470, 471, 472, 473, 474, 475, 476, 477, 478, 479, 480, 481, 482, 483, 484, 485, 486, 487, 488, 489, 490, 491, 492, 493, 494, 495, 496, 497, 498, 499, 500};
DISPONIBILIDAD = [ 1, 1, 1, 1, 1, 1, 0, 1, 1, 1, 1, 1, 0, 1, 1, 1, 1, 1, 1, 1, 1, 0, 0, 1, 0, 1, 0, 1, 0, 0, 0, 1, 0, 1, 0, 1, 0, 1, 0, 1, 0, 0, 1, 1, 1, 1, 1, 1, 1, 1, 1, 1, 1, 1, 1, 1, 1, 1, 1, 1, 0, 0, 1, 0, 1, 1, 0, 1, 1, 1, 1, 0, 1, 0, 0, 0, 1, 1, 1, 1, 0, 1, 1, 1, 1, 0, 1, 0, 0, 1, 1, 1, 1, 0, 1, 0, 1, 1, 1, 1, 1, 1, 1, 1, 1, 1, 1, 0, 1, 1, 0, 0, 0, 1, 1, 1, 1, 0, 1, 0, 1, 1, 1, 1, 1, 1, 1, 1, 1, 0, 1, 1, 0, 0, 1, 0, 0, 1, 0, 0, 1, 1, 1, 1, 1, 1, 0, 1, 1, 1, 1, 0, 1, 1, 0, 0, 1, 0, 1, 0, 0, 1, 0, 1, 1, 0, 1, 1, 1, 0, 1, 1, 1, 0, 1, 1, 0, 0, 1, 1, 1, 1, 1, 1, 1, 1, 0, 0, 0, 1, 0, 1, 1, 1, 1, 1, 1, 1, 1, 1, 1, 0, 0, 1, 1, 0, 0, 1, 1, 1, 1, 0, 0, 0, 0, 1, 0, 1, 1, 0, 1, 1, 0, 1, 1, 1, 1, 1, 0, 0, 1, 0, 1, 0, 0, 1, 0, 0, 1, 1, 1, 1, 1, 1, 1, 1, 1, 1, 0, 0, 0, 1, 1, 0, 1, 0, 1, 1, 0, 0, 1, 0, 1, 1, 1, 1, 0, 0, 1, 0, 0, 1, 0, 1, 0, 1, 0, 1, 1, 1, 0, 1, 1, 1, 0, 1, 1, 1, 1, 1, 0, 1, 1, 1, 0, 0, 1, 1, 0, 0, 0, 0, 0, 1, 1, 0, 1, 1, 1, 0, 1, 1, 0, 1, 1, 1, 1, 1, 1, 0, 0, 1, 1, 0, 0, 0, 1, 1, 0, 0, 0, 1, 1, 1, 0, 1, 1, 1, 1, 0, 1, 1, 1, 1, 0, 1, 1, 1, 1, 0, 1, 0, 0, 0, 1, 0, 1, 1, 1, 1, 1, 1, 1, 1, 0, 1, 0, 1, 1, 0, 0, 1, 1, 1, 1, 0, 1, 0, 0, 1, 1, 0, 1, 1, 0, 1, 1, 1, 1, 1, 0, 1, 0, 1, 1, 1, 1, 1, 1, 1, 0, 1, 0, 0, 1, 0, 1, 1, 1, 1, 1, 1, 1, 0, 0, 0, 1, 1, 1, 1, 1, 1, 1, 1, 0, 0, 1, 1, 0, 1, 1, 1, 0, 1, 1, 0, 0, 1, 0, 0, 1, 1, 1, 1, 1, 0, 0, 1, 0, 1, 1, 1, 1, 0, 1, 1, 0, 0, 1, 0, 1, 1, 1, 1, 1, 0, 0, 1, 1, 1, 0, 1, 1, 1, 1, 1, 1, 0, 1, 0, 1, 0, 0, 1, 0, 1, 1, 0, 1, 0, 1, 0, 0, 1, 1, 0, 1, 1, 0, 1 ];
PRECIO_PROMO = [ 123, 224, 135, 169, 190, 76, 200, 91, 94, 176, 123, 159, 143, 165, 134, 219, 91, 117, 179, 135, 174, 201, 153, 211, 81, 189, 120, 190, 192, 102, 196, 207, 80, 194, 72, 72, 223, 220, 171, 177, 115, 164, 94, 117, 140, 73, 119, 162, 153, 171, 155, 167, 149, 209, 100, 167, 133, 140, 109, 177, 211, 72, 161, 164, 125, 218, 167, 94, 107, 109, 119, 157, 72, 210, 183, 194, 164, 162, 89, 153, 209, 79, 126, 213, 184, 93, 147, 115, 127, 186, 144, 100, 161, 127, 123, 88, 153, 162, 216, 201, 114, 88, 111, 126, 110, 130, 203, 188, 199, 194, 102, 175, 99, 99, 193, 169, 74, 110, 171, 159, 95, 161, 105, 100, 198, 219, 148, 107, 215, 130, 166, 80, 119, 102, 189, 141, 179, 193, 89, 168, 216, 75, 99, 165, 179, 90, 142, 126, 99, 172, 149, 165, 105, 165, 177, 157, 179, 196, 92, 224, 165, 111, 72, 193, 76, 104, 180, 90, 197, 74, 79, 188, 175, 199, 95, 157, 97, 72, 194, 104, 85, 159, 213, 189, 207, 188, 108, 117, 75, 146, 127, 108, 105, 95, 180, 215, 204, 149, 82, 82, 94, 114, 224, 131, 209, 207, 198, 155, 102, 78, 178, 104, 87, 216, 74, 223, 207, 141, 162, 138, 110, 138, 178, 72, 171, 134, 173, 83, 152, 160, 171, 122, 115, 142, 106, 75, 111, 104, 84, 97, 202, 225, 126, 209, 80, 82, 207, 127, 168, 116, 74, 91, 82, 224, 218, 81, 219, 76, 72, 181, 80, 134, 222, 205, 177, 206, 106, 181, 162, 187, 186, 126, 178, 153, 192, 137, 129, 214, 207, 147, 192, 182, 216, 173, 76, 118, 225, 113, 185, 211, 213, 112, 128, 81, 116, 136, 147, 133, 181, 126, 88, 186, 72, 79, 186, 153, 178, 98, 94, 130, 87, 74, 184, 211, 173, 207, 77, 139, 135, 223, 155, 183, 172, 159, 117, 122, 210, 131, 145, 134, 144, 132, 152, 106, 152, 99, 224, 102, 193, 126, 171, 212, 119, 89, 84, 135, 209, 171, 92, 137, 99, 89, 84, 72, 120, 87, 213, 115, 142, 176, 80, 89, 119, 85, 149, 95, 201, 193, 218, 116, 123, 173, 147, 216, 224, 153, 109, 152, 181, 87, 168, 89, 119, 95, 123, 108, 223, 211, 199, 186, 225, 153, 186, 212, 207, 180, 73, 204, 124, 124, 146, 216, 186, 198, 117, 222, 197, 166, 204, 75, 201, 128, 119, 143, 118, 222, 168, 191, 190, 85, 99, 155, 175, 189, 171, 177, 186, 151, 219, 162, 202, 87, 124, 90, 81, 150, 144, 169, 176, 193, 186, 124, 113, 161, 189, 190, 128, 99, 180, 86, 129, 72, 99, 156, 117, 158, 150, 198, 143, 207, 150, 201, 105, 158, 121, 170, 82, 104, 124, 124, 212, 166, 215, 117, 182, 75, 88, 197, 190, 224, 160, 72, 180, 134, 162, 186, 202, 100, 135, 90, 165, 114, 121, 93, 129, 181, 153, 137, 93, 93 ];
PRECIO_REGULAR = [ 137, 249, 150, 188, 212, 85, 223, 102, 105, 196, 137, 177, 159, 184, 149, 244, 102, 130, 199, 151, 194, 224, 171, 235, 91, 210, 134, 212, 214, 114, 218, 231, 89, 216, 80, 81, 248, 245, 191, 197, 128, 183, 105, 131, 156, 82, 133, 181, 170, 191, 173, 186, 166, 233, 112, 186, 148, 156, 122, 197, 235, 81, 179, 183, 139, 243, 186, 105, 119, 122, 133, 175, 80, 234, 204, 216, 183, 180, 99, 171, 233, 88, 141, 237, 205, 104, 164, 128, 142, 207, 160, 112, 179, 142, 137, 98, 170, 180, 241, 224, 127, 98, 124, 141, 123, 145, 226, 209, 222, 216, 114, 195, 111, 110, 215, 188, 83, 123, 191, 177, 106, 179, 117, 112, 220, 244, 165, 119, 239, 145, 185, 89, 133, 114, 211, 157, 199, 215, 99, 187, 240, 84, 110, 184, 199, 101, 158, 141, 111, 192, 166, 184, 117, 184, 197, 175, 199, 218, 103, 249, 184, 124, 80, 215, 85, 116, 201, 101, 219, 83, 88, 209, 195, 222, 106, 175, 108, 81, 216, 116, 95, 177, 237, 211, 231, 209, 121, 131, 84, 163, 142, 120, 117, 106, 200, 239, 227, 166, 92, 92, 105, 127, 249, 146, 233, 230, 220, 173, 114, 87, 198, 116, 97, 240, 83, 248, 230, 157, 180, 154, 123, 154, 198, 81, 190, 149, 193, 93, 169, 178, 191, 136, 128, 158, 118, 84, 124, 116, 94, 108, 225, 250, 141, 233, 89, 92, 230, 142, 187, 129, 83, 102, 92, 249, 243, 90, 244, 85, 80, 202, 89, 149, 247, 228, 197, 229, 118, 202, 181, 208, 207, 140, 198, 171, 214, 153, 144, 238, 230, 164, 214, 203, 240, 193, 85, 132, 250, 126, 206, 235, 237, 125, 143, 91, 129, 152, 164, 148, 202, 140, 98, 207, 80, 88, 207, 170, 198, 109, 105, 145, 97, 83, 205, 235, 193, 230, 86, 155, 150, 248, 173, 204, 192, 177, 130, 136, 234, 146, 162, 149, 161, 147, 169, 118, 169, 110, 249, 114, 215, 140, 191, 236, 133, 99, 94, 151, 233, 191, 103, 153, 111, 99, 94, 81, 134, 97, 237, 128, 158, 196, 89, 99, 133, 95, 166, 106, 224, 215, 243, 129, 137, 193, 164, 240, 249, 171, 122, 169, 202, 97, 187, 99, 133, 106, 137, 120, 248, 235, 222, 207, 250, 170, 207, 236, 230, 200, 82, 227, 138, 138, 163, 240, 207, 220, 131, 247, 219, 185, 227, 84, 224, 143, 133, 159, 132, 247, 187, 213, 212, 95, 111, 173, 195, 211, 191, 197, 207, 168, 244, 181, 225, 97, 138, 101, 91, 167, 161, 188, 196, 215, 207, 138, 126, 179, 211, 212, 143, 110, 201, 96, 144, 80, 110, 174, 130, 176, 167, 221, 159, 231, 167, 224, 117, 176, 135, 189, 92, 116, 138, 138, 236, 185, 239, 130, 203, 84, 98, 219, 212, 249, 178, 80, 201, 149, 180, 207, 225, 112, 151, 101, 184, 127, 135, 104, 144, 202, 171, 153, 104, 104 ];
PREFERENCIAS_PROMO = [ 314, 459, 49, 82, 779, 94, 173, 181, 69, 333, 358, 125, 298, 474, 103, 528, 312, 527, 99, 776, 72, 669, 482, 197, 430, 301, 44, 105, 55, 444, 693, 235, 66, 170, 143, 113, 572, 183, 254, 6, 97, 106, 408, 129, 660, 165, 388, 64, 896, 115, 327, 313, 218, 361, 477, 648, 45, 760, 766, 903, 842, 554, 204, 198, 202, 31, 3, 142, 166, 929, 61, 617, 52, 150, 614, 168, 260, 429, 345, 605, 48, 7, 238, 73, 121, 908, 396, 78, 376, 677, 90, 195, 307, 93, 120, 67, 17, 370, 757, 68, 79, 2, 37, 335, 200, 586, 602, 373, 317, 240, 271, 159, 122, 280, 467, 616, 164, 127, 290, 473, 398, 162, 629, 51, 451, 96, 344, 441, 264, 523, 248, 175, 916, 414, 291, 432, 102, 354, 108, 384, 15, 338, 242, 272, 592, 492, 539, 859, 387, 869, 334, 326, 456, 282, 557, 454, 109, 309, 319, 401, 593, 152, 768, 310, 63, 167, 841, 597, 404, 141, 452, 213, 8, 434, 35, 476, 30, 343, 667, 525, 184, 41, 747, 831, 893, 205, 440, 512, 123, 28, 427, 50, 620, 834, 239, 406, 529, 553, 546, 594, 249, 14, 208, 284, 641, 666, 91, 256, 206, 510, 193, 146, 752, 475, 632, 196, 88, 110, 690, 490, 295, 266, 241, 400, 207, 649, 501, 305, 423, 328, 599, 480, 89, 20, 128, 774, 316, 148, 145, 375, 136, 243, 36, 600, 818, 265, 134, 596, 118, 224, 26, 703, 626, 395, 151, 236, 729, 29, 210, 279, 221, 5, 21, 144, 410, 43, 228, 135, 777, 439, 320, 892, 445, 442, 688, 516, 802, 407, 234, 499, 560, 412, 57, 39, 736, 450, 38, 212, 386, 417, 366, 689, 582, 95, 98, 424, 814, 555, 201, 419, 149, 60, 56, 750, 154, 611, 192, 114, 293, 18, 1, 217, 676, 9, 446, 511, 513, 189, 355, 263, 935, 304, 538, 315, 738, 353, 608, 59, 621, 203, 502, 107, 176, 613, 223, 11, 101, 74, 54, 25, 544, 675, 805, 137, 318, 791, 520, 225, 46, 504, 798, 431, 526, 16, 461, 245, 568, 259, 294, 40, 919, 297, 530, 360, 783, 58, 390, 639, 377, 483, 357, 80, 496, 514, 281, 481, 630, 340, 19, 86, 161, 778, 383, 215, 227, 84, 70, 116, 174, 409, 130, 470, 428, 119, 559, 13, 781, 311, 53, 710, 352, 22, 209, 277, 77, 10, 229, 34, 362, 231, 270, 494, 111, 500, 393, 257, 288, 838, 368, 371, 267, 507, 506, 222, 179, 186, 547, 460, 397, 399, 76, 577, 374, 725, 131, 832, 668, 75, 573, 497, 701, 495, 182, 299, 552, 420, 268, 349, 324, 364, 255, 169, 216, 220, 177, 515, 422, 62, 548, 24, 549, 342, 251, 92, 276, 491, 230, 545, 531, 258, 466, 33, 837, 180, 23, 237, 4, 104, 233, 350, 172, 707, 322, 369, 85, 12, 302, 139, 367, 274, 463, 273, 83, 372, 433, 704, 252, 158, 886, 138 ];
PREFERENCIAS_REGULAR = [ 949, 955, 542, 160, 957, 112, 449, 633, 283, 887, 436, 588, 644, 857, 835, 973, 975, 634, 565, 1000, 214, 673, 622, 607, 590, 769, 606, 924, 764, 720, 801, 382, 178, 321, 347, 556, 987, 285, 359, 782, 884, 541, 443, 598, 796, 479, 723, 938, 914, 190, 959, 623, 486, 797, 871, 917, 124, 771, 994, 993, 942, 581, 300, 447, 829, 42, 524, 816, 247, 933, 453, 733, 692, 976, 875, 991, 532, 907, 662, 643, 820, 32, 262, 694, 250, 911, 487, 488, 462, 943, 759, 402, 717, 670, 253, 157, 784, 726, 866, 851, 147, 685, 716, 517, 564, 931, 836, 868, 394, 303, 770, 595, 566, 306, 471, 680, 936, 199, 562, 580, 679, 378, 963, 81, 653, 365, 876, 970, 751, 654, 521, 578, 999, 591, 952, 732, 211, 415, 133, 762, 650, 745, 391, 635, 974, 615, 574, 967, 743, 882, 789, 585, 584, 713, 968, 485, 458, 579, 627, 709, 940, 640, 790, 465, 100, 418, 984, 830, 852, 828, 489, 904, 803, 448, 226, 983, 117, 941, 824, 755, 997, 332, 772, 902, 895, 825, 727, 878, 890, 275, 972, 232, 651, 863, 339, 921, 721, 910, 684, 754, 289, 870, 989, 712, 946, 748, 437, 978, 734, 674, 954, 618, 821, 737, 844, 795, 156, 665, 922, 706, 637, 786, 380, 880, 413, 905, 612, 846, 827, 587, 636, 563, 681, 348, 194, 988, 758, 246, 392, 468, 292, 708, 749, 724, 843, 990, 534, 761, 153, 661, 346, 728, 932, 638, 379, 953, 888, 455, 811, 287, 330, 457, 163, 425, 918, 631, 389, 698, 951, 575, 730, 996, 891, 806, 958, 715, 874, 792, 658, 691, 950, 900, 826, 971, 823, 981, 65, 655, 672, 722, 735, 928, 872, 296, 678, 663, 853, 570, 845, 780, 819, 687, 583, 923, 356, 765, 329, 132, 472, 71, 647, 503, 969, 261, 642, 702, 848, 337, 686, 808, 939, 847, 700, 885, 945, 873, 980, 589, 909, 269, 533, 711, 536, 731, 381, 27, 609, 509, 804, 508, 925, 812, 813, 867, 550, 985, 930, 341, 219, 744, 906, 850, 927, 325, 767, 551, 788, 323, 435, 405, 961, 862, 739, 646, 881, 87, 934, 785, 385, 652, 535, 126, 705, 604, 403, 947, 793, 898, 47, 794, 913, 800, 962, 926, 833, 756, 960, 171, 897, 992, 807, 915, 899, 576, 979, 537, 865, 493, 965, 799, 986, 519, 840, 920, 140, 864, 998, 656, 763, 966, 567, 719, 188, 894, 741, 336, 518, 944, 854, 746, 948, 912, 856, 278, 714, 191, 645, 815, 522, 505, 308, 964, 603, 977, 561, 982, 883, 187, 625, 956, 839, 822, 773, 858, 601, 657, 740, 659, 809, 543, 331, 571, 286, 351, 817, 742, 877, 540, 696, 861, 558, 682, 697, 185, 478, 787, 937, 610, 849, 416, 775, 683, 889, 879, 855, 695, 363, 664, 498, 421, 671, 718, 411, 464, 810, 624, 699, 155, 426, 569, 484, 901, 438, 619, 469, 860, 753, 244, 995, 628 ];
